Horodateur,consentement,anciennete,campement,OFA,tribu,tribu1,tribu2,tribu3,tribu4,tribu5,tribu6,tribu7,tribu8,As-tu des commentaires ou précisions que tu voudrais partager concernant ta tribu ?,manages1,manages2,manages3,As-tu des commentaires ou précisions que tu voudrais partager concernant ton management en tant que managé.e ?,Es-tu manager/manageuse ? ,"Si tu es manager/manageuse, combien de managé.e.s direct(s) as-tu ? ",manager1,manager2,manager3,As-tu des commentaires ou précisions que tu voudrais partager concernant ton management en tant que manager ?,egalitepro1,egalitepro2,egalitepro3,egalitepro4,commentaires egalite pro,competencesparcours1,competencesparcours2,competencesparcours3,competencesparcours4,As-tu des commentaires ou précisions que tu voudrais partager concernant les compétences et parcours chez OCTO Technology ? ,santeconditions1,santeconditions2,santeconditions3,santeconditions4,santeconditions5,As-tu des commentaires ou précisions que tu voudrais partager concernant la santé et les conditions de travail chez OCTO Technology ?,QA1,QA2,QA3,QA4,QA5,QA6,QA7,QA8,etabli,As-tu des commentaires ou précisions que tu voudrais partager concernant ton atelier ou ton établi ?,statut6mois,missions1,missions2,missions3,As-tu des commentaires ou précisions que tu voudrais partager concernant ta/tes mission(s) chez le client ? ,interco1,As-tu des commentaires ou précisions que tu voudrais partager concernant ton intercontrat ?,missionsinterco1,missionsinterco2,missionsinterco3,missionsinterco4,As-tu des commentaires ou précisions que tu voudrais partager concernant ta/tes mission(s) chez le client et/ou ton intercontrat ?,fonctionscoeur1,fonctionscoeur2,As-tu des commentaires ou précisions que tu voudrais partager concernant ton travail au quotidien ? 
16/04/2024 09:13:05,Vous acceptez de remplir l'OHC de manière anonyme,Plus de 7 ans,OCTO Paris,Oui,User Research,4,6,5,4,3,7,4,1,,6,3,3,,Non,,,,,,5,5,3,4,,3,3,3,6,,5,5,7,1,3,,4,6,5,4,3,7,4,1,Web front,,En mission chez un/des client(s),3,4,6,,,,,,,,,,,
16/04/2024 09:13:05,Vous acceptez de remplir l'OHC de manière anonyme,Moins de 1 an,OCTO Paris,Oui,User Research,1,2,5,7,2,5,3,5,,6,6,6,,Non,,,,,,4,6,4,4,,2,2,7,4,,1,7,1,5,4,,1,2,5,7,2,5,3,5,Web front,,En mission chez un/des client(s),4,4,2,,,,,,,,,,,
16/04/2024 09:13:05,Vous acceptez de remplir l'OHC de manière anonyme,Entre 3 et 7 ans,OCTO Paris,Oui,User Research,7,3,6,5,4,3,2,2,,1,6,6,,Non,,,,,,3,5,6,7,,5,6,3,4,,6,1,1,6,1,,7,3,6,5,4,3,2,2,Web front,,En mission chez un/des client(s),4,4,4,,,,,,,,,,,
16/04/2024 09:13:05,Vous acceptez de remplir l'OHC de manière anonyme,Moins de 1 an,OCTO Paris,Oui,User Research,5,6,2,7,3,6,6,5,,1,3,5,,Non,,,,,,6,4,7,5,,4,2,2,3,,1,4,5,4,4,,5,6,2,7,3,6,6,5,A,,En mission chez un/des client(s),7,6,4,,,,,,,,,,,
16/04/2024 09:13:05,Vous acceptez de remplir l'OHC de manière anonyme,Entre 3 et 7 ans,OCTO Paris,Oui,User Research,1,2,4,3,2,2,2,2,,7,3,5,,Non,,,,,,4,4,4,2,,2,6,1,5,,2,4,2,6,2,,1,2,4,3,2,2,2,2,A,,En mission chez un/des client(s),3,2,2,,,,,,,,,,,
16/04/2024 09:13:05,Vous acceptez de remplir l'OHC de manière anonyme,Entre 1 et 3 ans,OCTO Paris,Oui,User Research,7,4,6,6,6,4,5,4,,6,2,7,,Non,,,,,,1,2,2,6,,1,6,3,1,,2,2,6,3,2,,7,4,6,6,6,4,5,4,A,,En mission chez un/des client(s),4,4,3,,,,,,,,,,,
16/04/2024 09:13:05,Vous acceptez de remplir l'OHC de manière anonyme,Entre 3 et 7 ans,OCTO Paris,Oui,User Research,6,6,5,2,4,2,7,4,,2,4,6,,Oui,,5,6,7,,6,3,4,5,,2,7,5,7,,3,3,1,7,6,,6,6,5,2,4,2,7,4,A,,En mission chez un/des client(s),1,7,2,,,,,,,,,,,
16/04/2024 09:13:05,Vous acceptez de remplir l'OHC de manière anonyme,Entre 3 et 7 ans,OCTO Paris,Oui,User Research,1,4,7,3,7,1,6,5,,2,4,5,,Oui,,5,6,7,,4,4,6,1,,1,5,2,2,,5,5,2,2,1,,1,4,7,3,7,1,6,5,A,,En mission chez un/des client(s),7,3,7,,,,,,,,,,,
16/04/2024 09:13:05,Vous acceptez de remplir l'OHC de manière anonyme,Entre 3 et 7 ans,OCTO Paris,Oui,User Research,3,3,4,3,2,3,3,5,,7,3,7,,Oui,,5,6,7,,2,6,2,4,,1,3,5,6,,7,3,5,5,6,,3,3,4,3,2,3,3,5,A,,En mission chez un/des client(s),2,6,6,,,,,,,,,,,
16/04/2024 09:13:05,Vous acceptez de remplir l'OHC de manière anonyme,Moins de 1 an,OCTO Paris,Oui,User Research,1,7,4,3,5,7,2,3,,3,7,2,,Non,,,,,,7,2,6,4,,4,3,1,7,,3,6,1,6,1,,1,7,4,3,5,7,2,3,A,,En mission chez un/des client(s),5,3,5,,,,,,,,,,,
16/04/2024 09:13:05,Vous acceptez de remplir l'OHC de manière anonyme,Plus de 7 ans,OCTO Paris,Oui,User Research,5,7,6,2,1,4,4,7,,7,1,3,,Non,,,,,,5,1,3,6,,7,6,1,7,,1,1,5,3,2,,5,7,6,2,1,4,4,7,A,,En mission chez un/des client(s),3,7,3,,,,,,,,,,,
16/04/2024 09:13:05,Vous acceptez de remplir l'OHC de manière anonyme,Entre 1 et 3 ans,OCTO Paris,Oui,User Research,1,3,2,3,1,3,4,5,,5,1,3,,Non,,,,,,6,4,2,4,,3,7,3,3,,7,5,5,3,1,,1,3,2,3,1,3,4,5,A,,En mission chez un/des client(s),6,2,7,,,,,,,,,,,
17/04/2024 09:13:05,Vous acceptez de remplir l'OHC de manière anonyme,Plus de 7 ans,Toulouse,Non,A,6,5,3,6,1,3,4,5,,5,7,6,,Non,,,,,,4,5,7,1,,3,5,4,3,,3,1,1,3,7,,6,5,3,6,1,3,4,5,A,,En mission chez un/des client(s),2,1,5,,,,,,,,,,,
18/04/2024 09:13:05,Vous acceptez de remplir l'OHC de manière anonyme,Entre 1 et 3 ans,Chtis,Non,B,1,5,5,6,7,6,2,5,,1,7,1,,Non,,,,,,5,7,3,4,,4,2,6,3,,1,3,5,2,5,,1,5,5,6,7,6,2,5,A,,En mission chez un/des client(s),7,7,7,,,,,,,,,,,
19/04/2024 09:13:05,Vous acceptez de remplir l'OHC de manière anonyme,Entre 3 et 7 ans,Toulouse,Non,C,3,3,5,5,2,4,3,5,,2,2,1,,Non,,,,,,7,5,4,6,,2,1,5,5,,1,2,6,4,6,,3,3,5,5,2,4,3,5,A,,En mission chez un/des client(s),5,2,5,,,,,,,,,,,
20/04/2024 09:13:05,Vous acceptez de remplir l'OHC de manière anonyme,Entre 1 et 3 ans,Chtis,Non,D,5,4,3,1,3,7,1,5,,1,1,3,,Oui,,5,6,7,,6,5,6,1,,6,6,4,4,,2,7,2,7,1,,5,4,3,1,3,7,1,5,A,,En mission chez un/des client(s),2,5,5,,,,,,,,,,,
21/04/2024 09:13:05,Vous acceptez de remplir l'OHC de manière anonyme,Entre 3 et 7 ans,Toulouse,Non,E,6,2,7,6,7,5,4,2,,4,1,4,,Oui,,5,6,7,,3,3,1,7,,6,3,1,4,,1,5,5,4,2,,6,2,7,6,7,5,4,2,A,,En mission chez un/des client(s),4,7,5,,,,,,,,,,,
22/04/2024 09:13:05,Vous acceptez de remplir l'OHC de manière anonyme,Moins de 1 an,OCTO Paris,Non,F,3,2,7,6,7,7,7,5,,5,7,6,,Oui,,5,6,7,,6,5,4,2,,1,4,2,5,,4,7,1,7,7,,3,2,7,6,7,7,7,5,A,,En mission chez un/des client(s),4,7,2,,,,,,,,,,,
23/04/2024 09:13:05,Vous acceptez de remplir l'OHC de manière anonyme,Entre 3 et 7 ans,OCTO Paris,Non,G,1,5,7,4,3,6,1,3,,1,7,2,,Non,,,,,,4,7,3,2,,7,2,7,7,,5,1,3,7,7,,1,5,7,4,3,6,1,3,A,,En mission chez un/des client(s),6,6,6,,,,,,,,,,,
24/04/2024 09:13:05,Vous acceptez de remplir l'OHC de manière anonyme,Entre 3 et 7 ans,OCTO Paris,Non,H,5,2,1,5,3,2,6,2,,2,3,1,,Non,,,,,,7,7,1,1,,7,5,5,5,,4,7,1,6,5,,5,2,1,5,3,2,6,2,A,,missions et intercontrat,,,,,,,6,2,7,6,,,,
25/04/2024 09:13:05,Vous acceptez de remplir l'OHC de manière anonyme,Entre 3 et 7 ans,OCTO Paris,Non,User Research,3,5,7,7,5,2,7,3,,2,2,1,,Non,,,,,,2,2,7,4,,7,5,3,6,,3,5,2,7,7,,3,5,7,7,5,2,7,3,A,,missions et intercontrat,,,,,,,1,5,3,5,,,,
26/04/2024 09:13:05,Vous acceptez de remplir l'OHC de manière anonyme,Moins de 1 an,OCTO Paris,Non,User Research,4,7,3,5,7,5,4,3,,1,1,4,,Non,,,,,,5,3,6,6,,2,5,5,5,,7,4,4,1,4,,4,7,3,5,7,5,4,3,A,,missions et intercontrat,,,,,,,5,4,6,6,,,,
27/04/2024 09:13:05,Vous acceptez de remplir l'OHC de manière anonyme,Plus de 7 ans,OCTO Paris,Non,User Research,1,5,2,7,6,6,4,7,,1,4,4,,Non,,,,,,4,7,6,1,,1,1,3,2,,5,3,5,1,1,,1,5,2,7,6,6,4,7,A,,missions et intercontrat,,,,,,,3,5,4,5,,,,
28/04/2024 09:13:05,Vous acceptez de remplir l'OHC de manière anonyme,Entre 1 et 3 ans,OCTO Paris,Non,A,2,2,5,7,3,4,5,6,,3,2,6,,Non,,,,,,7,4,4,5,,3,6,2,5,,6,4,5,7,7,,2,2,5,7,3,4,5,6,A,,missions et intercontrat,,,,,,,2,7,1,5,,,,
29/04/2024 09:13:05,Vous acceptez de remplir l'OHC de manière anonyme,Moins de 1 an,OCTO Paris,Non,B,5,1,7,7,5,5,7,3,,6,3,7,,Oui,,5,6,7,,6,7,4,2,,2,6,7,4,,4,1,1,5,3,,5,1,7,7,5,5,7,3,A,,missions et intercontrat,,,,,,,2,2,2,6,,,,
30/04/2024 09:13:05,Vous acceptez de remplir l'OHC de manière anonyme,Plus de 7 ans,Toulouse,Non,C,6,6,7,7,1,2,6,6,,5,7,7,,Oui,,3,5,1,,6,1,6,5,,5,6,4,3,,4,2,6,3,7,,4,2,2,7,5,7,4,3,A,,intercontrat,,,,,6,,,,,,,,,
01/05/2024 09:13:05,Vous acceptez de remplir l'OHC de manière anonyme,Entre 3 et 7 ans,Chtis,Non,D,5,1,7,6,2,4,7,4,,4,1,6,,Oui,,3,5,1,,7,6,1,1,,4,3,7,6,,6,4,6,6,5,,1,3,5,3,2,6,3,7,A,,intercontrat,,,,,4,,,,,,,,,
02/05/2024 09:13:05,Vous acceptez de remplir l'OHC de manière anonyme,Moins de 1 an,Toulouse,Non,E,6,3,1,2,5,7,5,7,,2,5,3,,Non,,,,,,1,7,2,1,,1,1,4,3,,4,1,4,7,3,,1,7,3,2,6,1,3,2,A,,intercontrat,,,,,6,,,,,,,,,
03/05/2024 09:13:05,Vous acceptez de remplir l'OHC de manière anonyme,Plus de 7 ans,Chtis,Non,F,4,5,7,2,5,7,7,3,,1,4,2,,Non,,,,,,6,2,6,2,,6,6,6,7,,2,7,4,3,4,,4,2,2,1,5,2,6,7,A,,intercontrat,,,,,4,,,,,,,,,
04/05/2024 09:13:05,Vous acceptez de remplir l'OHC de manière anonyme,Entre 1 et 3 ans,Toulouse,Non,G,1,1,1,7,1,5,2,1,,4,5,5,,Non,,,,,,7,7,5,2,,2,4,2,3,,3,1,1,7,7,,7,5,3,4,2,7,2,7,B,,intercontrat,,,,,4,,,,,,,,,
05/05/2024 09:13:05,Vous acceptez de remplir l'OHC de manière anonyme,Plus de 7 ans,OCTO Paris,Non,H,4,3,2,5,1,2,1,1,,6,7,3,,Non,,,,,,1,5,3,4,,3,1,1,1,,2,3,7,7,6,,1,1,1,7,1,5,2,1,B,,intercontrat,,,,,1,,,,,,,,,
06/05/2024 09:13:05,Vous acceptez de remplir l'OHC de manière anonyme,Entre 3 et 7 ans,OCTO Paris,Non,User Research,2,4,3,5,2,3,1,4,,1,4,3,,Non,,,,,,3,7,5,4,,7,1,3,5,,3,4,6,2,4,,4,3,2,5,1,2,1,1,B,,intercontrat,,,,,7,,,,,,,,,
07/05/2024 09:13:05,Vous acceptez de remplir l'OHC de manière anonyme,Moins de 1 an,OCTO Paris,Non,User Research,6,5,3,2,3,5,6,7,,3,7,3,,Non,,,,,,7,3,7,4,,4,6,1,6,,5,1,7,3,6,,2,4,3,5,2,3,1,4,B,,intercontrat,,,,,3,,,,,,,,,
08/05/2024 09:13:05,Vous acceptez de remplir l'OHC de manière anonyme,Entre 3 et 7 ans,OCTO Paris,Non,User Research,5,6,4,3,6,4,5,5,,5,1,4,,Oui,,3,5,1,,4,4,3,5,,5,2,7,4,,4,4,1,5,2,,6,5,3,2,3,5,6,7,B,,intercontrat,,,,,4,,,,,,,,,
09/05/2024 09:13:05,Vous acceptez de remplir l'OHC de manière anonyme,Entre 1 et 3 ans,OCTO Paris,Non,A,7,1,3,3,1,5,1,7,,5,5,5,,Oui,,3,5,1,,2,1,7,6,,6,5,5,2,,4,2,6,1,7,,5,6,4,3,6,4,5,5,B,,intercontrat,,,,,7,,,,,,,,,
10/05/2024 09:13:05,Vous acceptez de remplir l'OHC de manière anonyme,Entre 3 et 7 ans,OCTO Paris,Non,B,6,1,6,7,3,1,1,6,,1,1,3,,Oui,,3,5,1,,7,7,7,7,,1,6,4,3,,3,2,2,5,2,,7,1,3,3,1,5,1,7,B,,intercontrat,,,,,3,,,,,,,,,
11/05/2024 09:13:05,Vous acceptez de remplir l'OHC de manière anonyme,Entre 1 et 3 ans,OCTO Paris,Non,C,4,7,5,6,2,4,1,7,,1,3,3,,Non,,,,,,5,4,1,6,,5,3,5,1,,6,4,6,2,4,,6,1,6,7,3,1,1,6,B,,intercontrat,,,,,1,,,,,,,,,
12/05/2024 09:13:05,Vous acceptez de remplir l'OHC de manière anonyme,Entre 3 et 7 ans,OCTO Paris,Non,D,2,5,1,6,3,2,4,5,,3,7,1,,Non,,,,,,5,1,6,1,,7,5,3,2,,2,7,2,7,7,,4,7,5,6,2,4,1,7,B,,intercontrat,,,,,6,,,,,,,,,
13/05/2024 09:13:05,Vous acceptez de remplir l'OHC de manière anonyme,Entre 1 et 3 ans,Toulouse,Non,E,5,5,5,1,3,4,6,3,,6,3,7,,Non,,,,,,2,7,3,2,,6,3,5,2,,5,6,2,5,1,,2,5,1,6,3,2,4,5,B,,intercontrat,,,,,4,,,,,,,,,
14/05/2024 09:13:05,Vous acceptez de remplir l'OHC de manière anonyme,Entre 1 et 3 ans,Chtis,Non,F,1,2,5,2,2,7,5,7,,5,1,5,,Non,,,,,,1,1,4,5,,5,6,6,2,,7,2,5,5,1,,5,5,5,1,3,4,6,3,B,,intercontrat,,,,,3,,,,,,,,,
15/05/2024 09:13:05,Vous acceptez de remplir l'OHC de manière anonyme,Entre 3 et 7 ans,Toulouse,Non,G,2,2,1,5,5,7,4,5,,7,2,5,,Non,,,,,,5,6,7,2,,6,6,6,7,,7,4,3,2,7,,1,2,5,2,2,7,5,7,B,,En mission chez un/des client(s),4,3,7,,,,,,,,,,,
16/05/2024 09:13:05,Vous acceptez de remplir l'OHC de manière anonyme,Entre 1 et 3 ans,Chtis,Non,H,5,2,2,5,4,7,7,5,,2,4,4,,Non,,,,,,1,7,1,6,,7,2,5,6,,7,3,6,1,4,,2,2,1,5,5,7,4,5,B,,En mission chez un/des client(s),4,1,4,,,,,,,,,,,
17/05/2024 09:13:05,Vous acceptez de remplir l'OHC de manière anonyme,Entre 1 et 3 ans,Toulouse,Non,User Research,7,5,2,2,2,2,5,6,,5,7,2,,Oui,,3,5,1,,3,7,2,1,,2,3,5,1,,5,4,5,5,7,,5,2,2,5,4,7,7,5,B,,En mission chez un/des client(s),1,7,4,,,,,,,,,,,
18/05/2024 09:13:05,Vous acceptez de remplir l'OHC de manière anonyme,Entre 3 et 7 ans,OCTO Paris,Non,User Research,2,1,5,4,7,1,6,6,,2,1,4,,Oui,,3,5,1,,6,3,6,3,,5,3,3,3,,1,1,3,7,3,,7,5,2,2,2,2,5,6,B,,En mission chez un/des client(s),6,5,2,,,,,,,,,,,
19/05/2024 09:13:05,Vous acceptez de remplir l'OHC de manière anonyme,Entre 1 et 3 ans,OCTO Paris,Non,User Research,3,4,1,3,2,1,7,6,,1,2,7,,Oui,,3,5,1,,4,2,4,7,,7,7,3,2,,6,3,7,6,2,,2,1,5,4,7,1,6,6,B,,En mission chez un/des client(s),7,7,3,,,,,,,,,,,
20/05/2024 09:13:05,Vous acceptez de remplir l'OHC de manière anonyme,Plus de 7 ans,OCTO Paris,Non,A,7,3,5,2,3,6,4,2,,6,7,3,,Non,,,,,,3,6,4,3,,2,4,3,6,,2,4,7,6,7,,3,4,1,3,2,1,7,6,B,,En mission chez un/des client(s),2,7,7,,,,,,,,,,,
21/05/2024 09:13:05,Vous acceptez de remplir l'OHC de manière anonyme,Entre 1 et 3 ans,OCTO Paris,Non,B,2,3,7,2,3,3,1,2,,3,4,7,,Non,,,,,,7,4,1,3,,7,6,7,1,,4,4,3,5,2,,7,3,5,2,3,6,4,2,B,,En mission chez un/des client(s),4,5,1,,,,,,,,,,,
22/05/2024 09:13:05,Vous acceptez de remplir l'OHC de manière anonyme,Entre 1 et 3 ans,OCTO Paris,Non,C,7,3,3,3,7,6,6,6,,5,4,3,,Non,,,,,,1,1,2,2,,2,4,3,4,,2,6,7,5,7,,2,3,7,2,3,3,1,2,B,,En mission chez un/des client(s),3,1,4,,,,,,,,,,,
23/05/2024 09:13:05,Vous acceptez de remplir l'OHC de manière anonyme,Entre 1 et 3 ans,OCTO Paris,Non,D,6,3,7,2,4,1,3,6,,6,7,5,,Non,,,,,,5,2,2,2,,7,5,4,4,,7,6,2,4,1,,7,3,3,3,7,6,6,6,B,,En mission chez un/des client(s),2,7,5,,,,,,,,,,,
24/05/2024 09:13:05,Vous acceptez de remplir l'OHC de manière anonyme,Entre 1 et 3 ans,OCTO Paris,Non,E,1,7,6,5,6,2,6,7,,1,4,6,,Non,,,,,,7,5,3,5,,1,3,4,5,,2,1,1,6,7,,6,3,7,2,4,1,3,6,B,,En mission chez un/des client(s),6,4,2,,,,,,,,,,,
25/05/2024 09:13:05,Vous acceptez de remplir l'OHC de manière anonyme,Entre 1 et 3 ans,OCTO Paris,Non,F,2,1,1,5,6,1,6,7,,6,4,7,,Non,,,,,,7,4,1,6,,6,6,5,4,,6,5,4,3,5,,1,7,6,5,6,2,6,7,B,,En mission chez un/des client(s),3,3,5,,,,,,,,,,,
26/05/2024 09:13:05,Vous acceptez de remplir l'OHC de manière anonyme,Entre 3 et 7 ans,Toulouse,Non,G,7,6,7,1,4,6,4,6,,5,2,6,,Non,,,,,,1,5,2,6,,4,3,4,4,,1,6,6,3,3,,2,1,1,5,6,1,6,7,B,,En mission chez un/des client(s),6,3,2,,,,,,,,,,,
27/05/2024 09:13:05,Vous acceptez de remplir l'OHC de manière anonyme,Entre 3 et 7 ans,Chtis,Non,H,5,3,6,6,4,6,3,1,,7,2,4,,Non,,,,,,1,5,5,2,,5,7,2,3,,7,6,7,3,5,,7,6,7,1,4,6,4,6,B,,En mission chez un/des client(s),5,7,4,,,,,,,,,,,
28/05/2024 09:13:05,Vous acceptez de remplir l'OHC de manière anonyme,Moins de 1 an,Toulouse,Non,User Research,5,2,6,4,7,3,4,6,,6,6,3,,Non,,,,,,7,1,2,2,,7,7,2,2,,3,3,1,5,6,,5,3,6,6,4,6,3,1,B,,En mission chez un/des client(s),4,5,2,,,,,,,,,,,
29/05/2024 09:13:05,Vous acceptez de remplir l'OHC de manière anonyme,Moins de 1 an,Chtis,Non,User Research,4,6,1,1,3,5,6,3,,5,2,2,,Non,,,,,,1,5,5,7,,3,6,3,7,,2,5,1,6,3,,5,2,6,4,7,3,4,6,B,,En mission chez un/des client(s),5,4,6,,,,,,,,,,,
30/05/2024 09:13:05,Vous acceptez de remplir l'OHC de manière anonyme,Entre 1 et 3 ans,Toulouse,Non,User Research,3,6,6,4,1,1,6,3,,4,7,4,,Non,,,,,,3,6,2,1,,6,2,3,5,,4,3,4,5,1,,4,6,1,1,3,5,6,3,B,,En mission chez un/des client(s),4,7,7,,,,,,,,,,,
31/05/2024 09:13:05,Vous acceptez de remplir l'OHC de manière anonyme,Entre 3 et 7 ans,OCTO Paris,Non,A,4,7,7,4,6,4,7,7,,4,5,1,,Oui,,3,5,1,,4,4,4,3,,5,6,3,7,,7,6,5,2,3,,3,6,6,4,1,1,6,3,B,,En mission chez un/des client(s),7,1,6,,,,,,,,,,,
01/06/2024 09:13:05,Vous acceptez de remplir l'OHC de manière anonyme,Entre 3 et 7 ans,OCTO Paris,Non,B,7,6,1,5,6,1,4,5,,7,3,3,,Oui,,3,5,1,,7,6,6,4,,3,2,6,1,,7,3,4,6,6,,4,7,7,4,6,4,7,7,B,,En mission chez un/des client(s),5,2,4,,,,,,,,,,,
02/06/2024 09:13:05,Vous acceptez de remplir l'OHC de manière anonyme,Entre 1 et 3 ans,OCTO Paris,Non,C,6,7,4,1,2,5,3,1,,2,4,2,,Oui,,3,5,1,,7,7,3,4,,2,6,6,4,,6,7,6,2,7,,7,6,1,5,6,1,4,5,B,,En mission chez un/des client(s),2,1,5,,,,,,,,,,,
03/06/2024 09:13:05,Vous acceptez de remplir l'OHC de manière anonyme,Entre 3 et 7 ans,OCTO Paris,Non,D,5,1,1,4,4,2,4,2,,3,5,1,,Non,,,,,,5,5,2,3,,7,5,2,3,,3,4,5,2,4,,6,7,4,1,2,5,3,1,B,,En mission chez un/des client(s),4,5,2,,,,,,,,,,,
04/06/2024 09:13:05,Vous acceptez de remplir l'OHC de manière anonyme,Entre 3 et 7 ans,OCTO Paris,Non,E,6,3,2,6,5,2,1,5,,5,3,6,,Non,,,,,,7,5,7,3,,3,3,5,5,,4,2,7,6,2,,5,1,1,4,4,2,4,2,B,,En mission chez un/des client(s),2,1,2,,,,,,,,,,,
05/06/2024 09:13:05,Vous acceptez de remplir l'OHC de manière anonyme,Entre 3 et 7 ans,OCTO Paris,Non,F,3,3,6,3,6,6,5,7,,4,5,4,,Non,,,,,,6,1,3,4,,6,1,7,7,,3,7,4,2,5,,6,3,2,6,5,2,1,5,B,,Fonctions coeur,4,4,3,,,,,,,,,,,
06/06/2024 09:13:05,Vous acceptez de remplir l'OHC de manière anonyme,Entre 1 et 3 ans,OCTO Paris,Non,G,5,5,4,3,1,4,6,4,,4,1,4,,Non,,,,,,3,2,1,5,,6,7,4,6,,4,6,7,5,7,,3,3,6,3,6,6,5,7,B,,Fonctions coeur,7,4,3,,,,,,,,,,,
07/06/2024 09:13:05,Vous acceptez de remplir l'OHC de manière anonyme,Entre 1 et 3 ans,OCTO Paris,Non,H,2,7,2,2,3,4,5,2,,6,3,4,,Non,,,,,,3,2,7,2,,6,3,1,1,,2,7,4,6,4,,5,5,4,3,1,4,6,4,B,,Fonctions coeur,2,3,2,,,,,,,,,,,
08/06/2024 09:13:05,Vous acceptez de remplir l'OHC de manière anonyme,Moins de 1 an,Toulouse,Non,User Research,7,4,3,2,4,2,2,6,,7,2,5,,Non,,,,,,7,7,2,7,,5,5,5,4,,6,2,2,4,4,,2,7,2,2,3,4,5,2,B,,Fonctions coeur,7,6,5,,,,,,,,,,,
09/06/2024 09:13:05,Vous acceptez de remplir l'OHC de manière anonyme,Entre 3 et 7 ans,Chtis,Non,User Research,2,3,2,1,1,7,1,1,,3,1,5,,Oui,,3,5,1,,3,7,5,3,,6,7,6,3,,5,3,7,6,4,,7,4,3,2,4,2,2,6,B,,Fonctions coeur,1,5,5,,,,,,,,,,,
10/06/2024 09:13:05,Vous acceptez de remplir l'OHC de manière anonyme,Entre 1 et 3 ans,Toulouse,Non,User Research,7,1,4,2,4,4,4,6,,6,3,5,,Oui,,3,5,1,,3,5,5,2,,2,6,1,5,,7,6,2,3,5,,2,3,2,1,1,7,1,1,B,,Fonctions coeur,3,1,7,,,,,,,,,,,
11/06/2024 09:13:05,Vous acceptez de remplir l'OHC de manière anonyme,Entre 1 et 3 ans,Chtis,Non,A,6,7,4,4,5,5,3,7,,1,3,5,,Oui,,3,5,1,,6,5,4,1,,6,7,3,3,,5,6,4,1,2,,7,1,4,2,4,4,4,6,B,,Fonctions coeur,1,4,6,,,,,,,,,,,
12/06/2024 09:13:05,Vous acceptez de remplir l'OHC de manière anonyme,Entre 1 et 3 ans,Toulouse,Non,B,4,4,1,2,1,5,1,5,,7,5,2,,Non,,,,,,3,5,3,3,,4,2,5,4,,3,4,3,1,2,,6,7,4,4,5,5,3,7,B,,Fonctions coeur,4,4,3,,,,,,,,,,,
13/06/2024 09:13:05,Vous acceptez de remplir l'OHC de manière anonyme,Plus de 7 ans,OCTO Paris,Non,C,7,4,2,7,7,4,7,3,,7,1,4,,Non,,,,,,5,1,7,1,,3,1,3,2,,2,6,3,7,5,,4,4,1,2,1,5,1,5,B,,Fonctions coeur,7,4,3,,,,,,,,,,,
14/06/2024 09:13:05,Vous acceptez de remplir l'OHC de manière anonyme,Entre 1 et 3 ans,OCTO Paris,Non,D,7,2,3,2,6,4,7,2,,6,2,7,,Non,,,,,,1,2,4,6,,1,6,7,1,,4,1,2,3,4,,7,4,2,7,7,4,7,3,B,,Fonctions coeur,2,3,2,,,,,,,,,,,
15/06/2024 09:13:05,Vous acceptez de remplir l'OHC de manière anonyme,Entre 1 et 3 ans,OCTO Paris,Non,E,3,5,4,5,7,6,1,3,,6,5,6,,Non,,,,,,2,6,3,7,,2,7,4,7,,1,4,7,6,6,,7,2,3,2,6,4,7,2,B,,Fonctions coeur,7,6,5,,,,,,,,,,,
16/06/2024 09:13:05,Vous acceptez de remplir l'OHC de manière anonyme,Entre 1 et 3 ans,OCTO Paris,Non,F,3,2,6,5,4,3,7,5,,7,7,2,,Non,,,,,,7,6,4,3,,1,1,3,4,,5,2,3,1,6,,3,5,4,5,7,6,1,3,B,,Fonctions coeur,1,5,5,,,,,,,,,,,
17/06/2024 09:13:05,Vous acceptez de remplir l'OHC de manière anonyme,Plus de 7 ans,OCTO Paris,Non,G,4,7,3,7,3,6,5,7,,7,2,3,,Non,,,,,,3,5,1,7,,1,1,4,7,,6,2,1,6,3,,3,2,6,5,4,3,7,5,B,,Fonctions coeur,3,1,7,,,,,,,,,,,
18/06/2024 09:13:05,Vous acceptez de remplir l'OHC de manière anonyme,Entre 3 et 7 ans,OCTO Paris,Non,H,5,7,1,2,2,7,4,1,,2,7,2,,Oui,,3,5,1,,4,4,4,6,,4,3,4,7,,4,2,2,2,2,,4,7,3,7,3,6,5,7,C,,Fonctions coeur,1,4,6,,,,,,,,,,,
19/06/2024 09:13:05,Vous acceptez de remplir l'OHC de manière anonyme,Entre 1 et 3 ans,OCTO Paris,Non,User Research,5,1,2,6,5,1,6,3,,7,6,3,,Oui,,3,5,1,,3,3,4,4,,7,3,5,1,,5,5,6,1,4,,5,7,1,2,2,7,4,1,C,,Fonctions coeur,4,4,3,,,,,,,,,,,
20/06/2024 09:13:05,Vous acceptez de remplir l'OHC de manière anonyme,Entre 3 et 7 ans,OCTO Paris,Non,User Research,1,1,1,7,7,4,2,5,,3,2,7,,Oui,,3,5,1,,7,7,6,6,,1,6,2,7,,2,3,5,6,3,,5,1,2,6,5,1,6,3,C,,Fonctions coeur,7,4,3,,,,,,,,,,,
21/06/2024 09:13:05,Vous acceptez de remplir l'OHC de manière anonyme,Entre 1 et 3 ans,Toulouse,Non,User Research,7,2,7,7,4,3,7,2,,4,7,5,,Non,,,,,,3,3,5,5,,3,3,5,1,,3,4,4,3,7,,1,1,1,7,7,4,2,5,C,,Fonctions coeur,2,3,2,,,,,,,,,,,
22/06/2024 09:13:05,Vous acceptez de remplir l'OHC de manière anonyme,Entre 1 et 3 ans,Chtis,Non,A,1,4,3,1,1,7,2,4,,7,3,3,,Non,,,,,,3,1,2,6,,2,1,1,2,,1,4,2,6,4,,7,2,7,7,4,3,7,2,C,,Fonctions coeur,7,6,5,,,,,,,,,,,
23/06/2024 09:13:05,Vous acceptez de remplir l'OHC de manière anonyme,Moins de 1 an,Toulouse,Non,B,5,3,5,3,2,2,4,4,,6,2,2,,Non,,,,,,2,4,2,6,,1,2,4,4,,5,1,1,6,4,,1,4,3,1,1,7,2,4,C,,Fonctions coeur,1,5,5,,,,,,,,,,,
24/06/2024 09:13:05,Vous acceptez de remplir l'OHC de manière anonyme,Plus de 7 ans,Chtis,Non,C,6,7,7,2,1,1,2,2,,1,6,2,,Non,,,,,,3,6,4,7,,1,6,4,5,,1,4,1,6,2,,5,3,5,3,2,2,4,4,C,,Fonctions coeur,3,1,7,,,,,,,,,,,
25/06/2024 09:13:05,Vous acceptez de remplir l'OHC de manière anonyme,Entre 1 et 3 ans,Toulouse,Non,D,5,7,4,6,3,7,2,7,,7,7,6,,Non,,,,,,6,1,6,4,,3,3,5,1,,2,6,3,5,3,,6,7,7,2,1,1,2,2,C,,Fonctions coeur,1,4,6,,,,,,,,,,,
26/06/2024 09:13:05,Vous acceptez de remplir l'OHC de manière anonyme,Entre 1 et 3 ans,OCTO Paris,Non,E,2,2,4,7,2,1,1,6,,4,6,1,,Non,,,,,,1,2,3,4,,2,7,3,2,,5,5,4,7,1,,5,7,4,6,3,7,2,7,C,,Fonctions coeur,4,4,3,,,,,,,,,,,
27/06/2024 09:13:05,Vous acceptez de remplir l'OHC de manière anonyme,Plus de 7 ans,OCTO Paris,Non,F,1,7,7,3,1,3,3,4,,4,4,7,,Non,,,,,,7,3,1,4,,3,5,7,6,,3,1,5,2,3,,2,2,4,7,2,1,1,6,C,,Fonctions coeur,7,4,3,,,,,,,,,,,
28/06/2024 09:13:05,Vous acceptez de remplir l'OHC de manière anonyme,Entre 3 et 7 ans,OCTO Paris,Non,G,1,1,6,2,7,5,2,4,,3,5,2,,Non,,,,,,4,3,1,6,,2,5,5,3,,5,6,5,2,1,,6,7,7,2,1,1,2,2,C,,Fonctions coeur,2,3,2,,,,,,,,,,,
29/06/2024 09:13:05,Vous acceptez de remplir l'OHC de manière anonyme,Entre 1 et 3 ans,OCTO Paris,Non,H,2,5,2,1,7,6,5,1,,1,3,7,,Non,,,,,,5,1,7,7,,5,3,1,5,,4,1,6,1,7,,5,7,4,6,3,7,2,7,C,,Fonctions coeur,7,6,5,,,,,,,,,,,